3.321564
1.622428
0.4344856
-0.4591677
5.607984
3.413968
-0.9825833
4.43721
0.4056677
5.161007
-0.7424392
5.184455
3.439235
0.2210674
5.475585
-0.3800734
-1.136327
5.887055
0.6835716
3.472136
0.7586994
-0.9059249
5.141035
0.9448969
-1.120811
4.449327
2.210555
3.311783
5.462075
-0.4035153
3.237536
-1.144511
0.4581957
-1.05445
-0.8849513
0.6261809
3.280027
0.5388446
-0.6407527
1.809621
3.184859
2.55849
2.124377
1.069549
4.072734
5.634142
6.096507
3.562121
-1.381888
2.55782
-1.528369
-0.06039679
5.822665
3.698343
3.577665
0.290349
5.459225
2.470536
1.419255
2.583702
-0.1681236
5.451308
0.4014509
2.93433
2.729174
1.183509
3.968481
0.7148497
1.152812
-0.2286431
2.141103
1.413459
-0.6458772
5.365794
1.522473
3.638839
-0.2775202
1.843864
3.087487
5.600251
3.406071
0.5331767
2.539202
0.2762315
-1.047251
3.402975
2.44607
3.728881
0.2257807
2.24541
5.888401
-1.61833
1.741923
-1.820008
5.108446
0.9909422
1.002849
3.38657
-1.260964
-0.005195498
1.76832
1.12768
1.620895
3.287724
4.543056
1.97524
-1.679959
2.744064
-1.666859
4.018939
1.509347
3.168103
4.780643
0.6785212
3.916475
4.519366
4.017766
-0.1460826
-0.9343237
2.100172
-1.474002
-1.468499
2.099831
3.326962
0.3116674
-1.394581
2.123231
0.03437757
3.325998
-1.402988
2.397339
0.999135
-1.919331
-1.714573
3.991478
3.391112
0.5652881
-1.936198
3.355475
-0.8752084
-0.2541318
0.3621392
0.08691072
4.356016
3.828254
2.809036
5.263869
1.557265
2.13307
0.8593228
3.562624
-0.7688494
-1.120769
1.975445
4.992969
4.057337
-1.7211
-0.9445621
1.454497
3.827081
-1.703098
0.93433
-0.1041095
3.716974
0.1698515
4.219751
5.94135
5.687412
5.752967
-0.9695608
0.4728321
1.92197
-0.3930871
3.034366
-1.207025
0.818004
2.842569
-0.5993346
-0.7871445
-1.325737
1.915312
1.511946
5.416563
1.206644
2.49214
1.984822
4.656514
1.520109
-1.079886
2.766212
4.585246
5.33289
2.730736
-0.3462461
3.450549
3.236953
-0.9220187
2.756582
1.016672
5.881734
1.472526
1.58404
3.22074
0.6364329
2.616151
1.429787
5.161827
0.5750147
-0.09148586
1.751937
-0.6369523
1.790828
0.3291646
3.860405
4.131039
3.758609
6.107361
4.126911
0.6150308
3.394691
5.421515
5.602326
3.575375
-0.8537399
1.960165
2.001969
1.181518
6.396854
-0.01999938
4.017396
5.781235
0.8990862
5.063078
2.788315
0.502556
-1.054139
3.765683
2.895954
1.872787
3.640678
-0.06186485
2.828265
5.721905
0.6573257
5.802446
3.800041
-0.4796864
-0.3046905
1.701554
2.035723
5.787372
2.324227
-0.3042169
1.72525
1.204659
0.2807751
0.961534
4.148569
4.622059
2.388015
-0.9285787
2.354058
-0.9838225
0.7070951
4.41425
5.446479
4.525047
-1.013351
1.584741
-0.3329643
4.15123
1.510571
-0.6400558
4.214292
2.03473
4.074903
0.3920195
2.57904
3.500278
-1.791848
1.243328
3.795865
-1.807568
1.89884
-1.265139
1.737326
5.134577
1.048014
4.278343
2.681424
1.589082
2.688629
4.076268
0.3141019
2.039809
-1.781884
0.6001375
-1.668294
2.033405
-0.7468915
1.517379
4.219975
1.970834
-1.19765
2.647334
1.675335
5.143196
1.151485
1.04998
4.212476
-1.961708
-2.122559
3.749324
4.701246
-0.7241564
4.032435
0.6420381
-0.5978303
4.146698
1.598969
0.335156
0.5385258
5.277699
-0.6731743
-1.323632
3.444357
1.216289
2.235902
1.008458
1.294772
1.181603
3.02609
-2.129735
-1.97231
-1.226633
3.543306
-0.5873952
0.9977231
-0.07476687
2.654727
1.576328
0.3420627
4.679265
4.165937
3.19996
1.689873
-0.7909685
4.116464
-0.4815328
5.650542
-1.460194
3.918164
2.658683
4.209055
1.567456
2.827596
1.377179
5.261017
5.8262
6.023425
2.792319
1.432351
-0.8181465
1.307218
-1.222675
1.474466
-0.4830943
4.994032
-0.3945173
-0.9489218
0.5813954
1.000378
0.75757
5.587576
4.415462
-0.7015886
-0.8247889
-1.157796
-1.711259
2.098022
-0.6436484
-1.380044
0.7430921
2.548512
5.592459
4.753009
1.465605
5.863563
1.43111
-0.7895713
4.327388
4.84655
2.075096
-0.1238288
5.139089
0.1003972
5.442743
2.917388
-0.5636843
-0.2626472
