0.615
0.394
0.242
0.13
0.915
0.626
0.058
0.761
0.238
0.853
0.088
0.856
0.626
0.21
0.89
0.131
0.039
0.949
0.273
0.635
0.284
0.073
0.857
0.312
0.049
0.772
0.48
0.622
0.897
0.137
0.611
0.046
0.259
0.068
0.096
0.296
0.64
0.285
0.136
0.456
0.633
0.55
0.493
0.357
0.745
0.942
0.995
0.662
0.024
0.538
0.012
0.208
0.969
0.689
0.671
0.246
0.915
0.525
0.39
0.542
0.188
0.916
0.261
0.591
0.564
0.365
0.726
0.305
0.365
0.19
0.5
0.407
0.144
0.923
0.423
0.697
0.191
0.469
0.63
0.952
0.664
0.293
0.555
0.264
0.098
0.677
0.552
0.717
0.264
0.528
0.997
0.025
0.465
0.008
0.907
0.372
0.376
0.685
0.085
0.253
0.485
0.403
0.468
0.683
0.842
0.507
0.037
0.613
0.044
0.782
0.455
0.669
0.874
0.341
0.76
0.834
0.765
0.226
0.129
0.525
0.065
0.072
0.537
0.694
0.303
0.086
0.544
0.274
0.7
0.088
0.582
0.4
0.025
0.057
0.796
0.713
0.345
0.024
0.71
0.161
0.244
0.325
0.29
0.84
0.765
0.628
0.94
0.455
0.528
0.362
0.71
0.148
0.106
0.508
0.894
0.766
0.017
0.122
0.434
0.738
0.021
0.365
0.231
0.724
0.262
0.784
0.999
0.957
0.957
0.084
0.274
0.462
0.163
0.607
0.058
0.323
0.584
0.138
0.117
0.051
0.472
0.418
0.919
0.369
0.534
0.466
0.808
0.398
0.063
0.562
0.793
0.883
0.541
0.143
0.635
0.604
0.066
0.544
0.318
0.945
0.37
0.385
0.596
0.261
0.518
0.364
0.845
0.249
0.166
0.407
0.1
0.417
0.229
0.686
0.717
0.665
0.964
0.702
0.247
0.608
0.867
0.885
0.619
0.048
0.417
0.424
0.32
0.994
0.162
0.687
0.912
0.279
0.819
0.523
0.23
0.035
0.663
0.55
0.419
0.649
0.172
0.55
0.923
0.267
0.934
0.672
0.121
0.151
0.416
0.462
0.947
0.497
0.161
0.429
0.365
0.25
0.343
0.757
0.816
0.526
0.101
0.531
0.103
0.328
0.809
0.939
0.816
0.101
0.443
0.199
0.782
0.44
0.166
0.797
0.514
0.778
0.302
0.588
0.707
0.025
0.424
0.755
0.032
0.517
0.111
0.504
0.942
0.411
0.829
0.62
0.479
0.622
0.8
0.313
0.539
0.048
0.362
0.073
0.556
0.198
0.494
0.842
0.548
0.14
0.64
0.513
0.959
0.439
0.427
0.835
0.036
0.022
0.784
0.902
0.198
0.814
0.373
0.215
0.829
0.496
0.333
0.361
0.972
0.199
0.119
0.737
0.446
0.577
0.417
0.454
0.439
0.676
0.009
0.035
0.136
0.753
0.216
0.422
0.283
0.635
0.492
0.331
0.889
0.815
0.684
0.485
0.164
0.798
0.2
0.991
0.067
0.763
0.595
0.791
0.445
0.606
0.416
0.915
0.98
0.997
0.573
0.396
0.107
0.385
0.06
0.412
0.16
0.868
0.168
0.1
0.301
0.356
0.325
0.947
0.788
0.124
0.112
0.073
0.006
0.501
0.146
0.054
0.331
0.563
0.951
0.834
0.404
0.969
0.39
0.104
0.766
0.827
0.464
0.18
0.86
0.205
0.895
0.563
0.113
0.156
